0 0 0.6044656234375 0.007332423437500001 0.62029955625 0.006422103125 0.6218106375 0.3829954 0.3823039890625 0.4815532046875 0.3150570203125 0.4565165734375 0.312792475 0 0.590862834375 0 0.6044656234375
0 0 0.3842571953125 0.0002824484375 0.384948384375 0.0002824484375 0.383815071875 0.001385159375 0.383815071875 0.29540886093749996 0.313192696875 0.275231490625 0.309233196875 0 0.37058498125 0 0.3842571953125
0 1 0.77188859375 0.73868161875 0.4200810625 0.6742247 0.317327421875 0.6470857171875 0.3166980234375 0.6840428875 0.3861874640625 0.9944950140625 0.844695375 1 0.8268643843750001 1 0.77188859375
0 1 0.3642132328125 0.8692155328125001 0.3193203703125 0.8482348640625 0.32425499687500003 0.9992210515625001 0.3803226109375 1 0.37847215 1 0.3642132328125
0 1 0.39001582031250004 0.45469532343749997 0.371747465625 0 0.356094421875 0 0.36852654687499997 0.177233396875 0.375026915625 0.5614945359375 0.3888683171875 0.9994849203125 0.39800862187499997 1 0.3970331625 1 0.39001582031250004
0 0.3403481015625 0.2711111390625 0.3405814453125 0.27097985 0.34205825 0.2715050046875 0.3356812140625 0.26887923125 0.25878676093749997 0.2821831515625 0.27320111406250003 0.284593484375 0.3403481015625 0.2711111390625
0 0.24489148906249997 0.26621564062499997 0.1487619546875 0.2786821203125 0.1578673515625 0.2821831515625 0.2553919859375 0.268179025 0.24489148906249997 0.26621564062499997
0 0.424152396875 0.2701045921875 0.3742434046875 0.2849839765625 0.3884755234375 0.28730360625 0.4323194484375 0.2718551078125 0.424152396875 0.2701045921875
0 0.5145327640625 0.2727952046875 0.48925736875 0.2883188234375 0.5009226890625 0.28918521406250003 0.524424975 0.273430571875 0.5145327640625 0.2727952046875
0 0.6073903234375 0.273626821875 0.6069595640625 0.28971036875 0.6213355390624999 0.2886630609375 0.6167359015625 0.273780675 0.6073903234375 0.273626821875
0 0.743663425 0.290235525 0.710995215625 0.2726406484375 0.7030946828125 0.2750060359375 0.7326962406249999 0.29146088593749997 0.743663425 0.290235525
0 0.8679582921875 0.2898854203125 0.8076414203125 0.2728043546875 0.799489753125 0.27553119062500003 0.8589771781250001 0.291285834375 0.8679582921875 0.2898854203125
0 0.9945780828125 0.28918521406250003 0.9075128031249999 0.27321060625000004 0.9007458171874999 0.27588129375000003 0.9896500156249999 0.291986040625 0.9945780828125 0.28918521406250003