0 0.5861213109375 0.32189201875 0.5693950828125 0.323131021875 0.56999755 0.32658696875 0.5998325390625 0.3879725953125 0.6567587374999999 0.48541652187500006 0.7521130703125001 0.650912415625 0.8087827656250001 0.6474140265624999 0.5937992921874999 0.3317708890625 0.5861213109375 0.32189201875
0 1 0.4386421796875 0.8510116625 0.3738210609375 0.7581080890624999 0.3323468796875 0.743519925 0.33465084375 0.8333523046875 0.3824581078125 0.8348879015625 0.3818821171875 1 0.45399968749999997 1 0.4386421796875
0 0 0.57681619375 0.289339615625 0.40446783125 0.4088577015625 0.31852309375 0.40789084999999997 0.3167951203125 0.40789084999999997 0.3167722609375 0.3879281 0.31737111093750003 0.25202783281249996 0.40607374375000005 0 0.5447183765625 0 0.57681619375
0 0 0.3563503125 0.0032612421875 0.362874409375 0.0033599484375000004 0.362874409375 0.1565510609375 0.32552871250000004 0.24739805 0.3040905203125 0.22669049375 0.30066736875 0.05316811875000001 0.33868278281249997 0 0.34838477343749996 0 0.3563503125
0 0 0.3006598296875 0.0031515906250000002 0.303932221875 0.07303597187500001 0.2945669359375 0.056239310937499995 0.2897235375 0 0.29679389375 0 0.3006598296875
0 1 0.4041568671875 0.6006672562500001 0.3812920140625 0.23906192656249997 0.35596251562500003 0 0.3358028265625 0.0002767109375 0.33637881875 0 0.33920994531250004 0 0.34678004218749997 0.07552092656250001 0.35020260468750003 0.3795689828125 0.376698196875 0.6759390562500001 0.3934019390625 0.9999498640625 0.4161535890625 1 0.416025865625 1 0.4041568671875
0 0.3354473140625 0.270640034375 0.28892686093750003 0.2793240375 0.29998746249999997 0.2832256 0.3491093578125 0.2716468796875 0.34051973593749996 0.2698345578125 0.33649335156250004 0.270640034375 0.3354473140625 0.270640034375
0 0.42603293750000004 0.2763505234375 0.3966615203125 0.28748128125 0.4106318375 0.2875822375 0.433038659375 0.27714311875000003 0.42603293750000004 0.2763505234375
0 0.5109201984375 0.280548059375 0.5039194499999999 0.2951568140625 0.5162742953125 0.2954002421875 0.5190499921875 0.2818899703125 0.5109201984375 0.280548059375
0 0.62854809375 0.3009990921875 0.6082674234375001 0.285424284375 0.60035504375 0.286149965625 0.6176776546875 0.3012425203125 0.62854809375 0.3009990921875
0 0.741311790625 0.3064762296875 0.69625429375 0.2898329703125 0.6868440625 0.2910185328125 0.729885746875 0.307967115625 0.741311790625 0.3064762296875
0 0.8502970265625001 0.31219679375 0.7814551625 0.2940697671875 0.77675941875 0.2954002421875 0.8434328953125 0.312805365625 0.8502970265625001 0.31219679375
0 0.9636083859375001 0.3180390734375 0.8711929171874999 0.298272671875 0.866178746875 0.30014709375000004 0.956642459375 0.3189890515625 0.9636083859375001 0.3180390734375
0 0.254636040625 0.264982546875 0.1777165484375 0.2728831234375 0.1884261234375 0.2757896375 0.2593931390625 0.2665539875 0.254636040625 0.264982546875
0 0.17078523750000002 0.2620505640625 0.17602094375 0.260711709375 0.1697817109375 0.25973799531249997 0.068679009375 0.26631055937500003 0.07236741249999999 0.26885788125 0.17078523750000002 0.2620505640625