0 0.603873671875 0.3250607234375 0.6059542296875 0.3258114421875 0.658121125 0.5235683625 0.74585203125 0.79651138125 0.8319130140625 0.7972621 0.637775446875 0.33482005312499996 0.618761975 0.319054990625 0.603873671875 0.3250607234375
0 0 0.531104759375 0.0079065828125 0.5421767156249999 0.0083294171875 0.5420181125 0.0083294171875 0.5427688296875 0.0093301265625 0.5427688296875 0.0093301265625 0.5420181125 0.0093839703125 0.5435195484374999 0.38521213906249996 0.3513770890625 0.4366935953125 0.3216430609375 0.41962086093749995 0.31980569999999997 0 0.518583784375 0 0.531104759375
0 0 0.3716894796875 0.0013244531250000001 0.3746080859375 0.2572220390625 0.319411103125 0.23549038437499997 0.31680283125 0 0.36261093125 0 0.3716894796875
0 1 0.3896212015625 0.9610044890625 0.38812100312500003 0.627237790625 0.3802854375 0.3095298109375 0.374297703125 0.00032374374999999996 0.37535880312500003 0.2665123671875 0.3806138265625 0.6077541734375 0.3911238734375 0.9990314359375001 0.398722553125 1 0.38991475468750003 1 0.3896212015625
0 0.3218677453125 0.2761823375 0.322788375 0.2758866390625 0.3127489875 0.27381675 0.23628058593749998 0.28682748125 0.24928809843750002 0.290967259375 0.3218677453125 0.2761823375
0 0.40695490312500004 0.274734771875 0.3480807546875 0.29008016406250003 0.3637436609375 0.29329615468750003 0.411290740625 0.278547925 0.40695490312500004 0.274734771875
0 0.4802699671875 0.295994690625 0.5044580765625 0.2768152234375 0.48982445625000004 0.2776608296875 0.46359042031250003 0.294210409375 0.4802699671875 0.295994690625
0 0.58078255625 0.294515640625 0.5979245859375 0.29597293750000003 0.59497256875 0.27706943281249996 0.5839358921875 0.2782522265625 0.5839358921875 0.2788436234375 0.58078255625 0.294515640625
0 0.6778886609375 0.27973071875 0.7042563484375 0.29628983125 0.7195885046875 0.29599413281250003 0.71805219375 0.29421994218749997 0.6880955 0.2776608296875 0.678241325 0.2788436234375 0.6778886609375 0.27973071875
0 0.839286609375 0.2954027359375 0.7807247484375 0.2776608296875 0.7740892171875 0.2800264171875 0.8296014578124999 0.296881228125 0.839286609375 0.2954027359375
0 0.97072613125 0.2936285453125 0.880449003125 0.2767152640625 0.87383815625 0.2806178140625 0.9608590734375 0.296881228125 0.97072613125 0.2936285453125
0 0 0.326923078125 0.000542553125 0.3278997890625 0.07820286562499999 0.31687413124999997 0.06599415 0.3144759015625 0 0.3225918734375 0 0.326923078125
0 1 0.39453633125 0.820047584375 0.32377220156250003 0.8020460046875 0.3275897671875 0.9962151328125 0.4044046 0.9962151328125 0.4056170265625 1 0.4031659484375 1 0.39453633125