0 0.3888452625 0.34992141875 0.3890591015625 0.3498478828125 0.3888678375 0.349972225 0.3889721875 0.3502070703125 0.3885065984375 0.3502070703125 0.10429946875 0.5349720546875 0.155319184375 0.53949848125 0.46984962656249996 0.306745475 0.45313100312500004 0.3052648390625 0.3887474421875 0.3497012703125 0.3888452625 0.34992141875
0 0.177143375 0.3446993265625 0.1771660640625 0.34467301250000004 0.15693045156250002 0.3530805640625 0.3904143859375 0.35770940625000003 0.4014267203125 0.34805195 0.177713571875 0.345552090625 0.17782845625000002 0.3458968296875 0.17543447031249998 0.346615203125 0.1768708625 0.34481926875 0.177143375 0.3446993265625
0 0.38616233437499997 0.354158125 0.6992358140625 0.35236219062499996 0.6961834812500001 0.346615203125 0.39525948125 0.346615203125 0.38616233437499997 0.354158125
0 0.643792053125 0.30387198125000003 0.62888006875 0.307162203125 0.628516928125 0.30746384843749996 0.914372921875 0.5463224 0.96725048125 0.5434495359375 0.643792053125 0.30387198125000003
0 1 0.3472047734375 0.99858073125 0.34481926875 0.6740139140625 0.346615203125 0.6825746203125 0.351390946875 1 0.3515341359375 1 0.3472047734375
0 1 0.34341910625 0.82286218125 0.300334121875 0.8132862390625 0.3031536078125 0.8138572843749999 0.30387198125000003 1 0.353629825 1 0.34341910625
0 0.5216058765625 0.2873273609375 0.5336842500000001 0.2873832953125 0.5397336953125 0.273923528125 0.530733740625 0.27403069687500003 0.5303249515624999 0.274888046875 0.5216058765625 0.2873273609375
0 0.6524474031249999 0.2846404109375 0.6341617828125 0.2716457296875 0.620918334375 0.27295900781250004 0.640590321875 0.28646228125 0.6524474031249999 0.2846404109375
0 0.7721296171875001 0.2814253453125 0.72749405 0.26868385156249996 0.714779828125 0.27060129375 0.7595759906249999 0.28362306406250004 0.7721296171875001 0.2814253453125
0 0.8955351531250001 0.2761437015625 0.8217188796875 0.265340384375 0.811850584375 0.26829211875 0.8847393734375 0.280645034375 0.8955351531250001 0.2761437015625
0 1 0.268484503125 0.9222367968749999 0.26251633124999996 0.9095195031250001 0.2657938890625 1 0.2760459984375 1 0.268484503125