0 0 0.9304627359375001 0.000209465625 0.9438438578125 0.0406209875 0.9418695828124999 0.39481748437499997 0.34452689375 0.4707155765625 0.21031615 0.5048101734375 0.1486797171875 0.49040691093750005 0.1490439734375 0.4748717125 0.17801016249999999 0.41646981250000004 0.26776295625 0 0.880891015625 0 0.9304627359375001
0 1 0.744144715625 0.6693304671875 0.18770870312500001 0.635292303125 0.136615103125 0.6244384765625 0.1367726984375 0.647781925 0.17844835312500001 0.70287690625 0.2942755375 0.81429945625 0.511128303125 0.971269703125 0.8051795203125 0.999967 0.80623935 1 0.8019792390625 1 0.744144715625
0 0.1762124015625 0.7115499828125 0.8135154375000001 0.5106713953125 0.804175790625 0.489001396875 0.20193449062500002 0.6677298781250001 0.1762124015625 0.7115499828125
0 0.31245411875 0.48354745781249997 0.7501636921875 0.3869039390625 0.7440997984375 0.372928390625 0.32547571249999996 0.46381350625 0.31245411875 0.48354745781249997
0 0.712840615625 0.3131347390625 0.707974915625 0.303150590625 0.3842004203125 0.36247243125 0.37784754375 0.3732967109375 0.712840615625 0.3131347390625
0 0.688487278125 0.2614815546875 0.6852482906249999 0.255179509375 0.4213074375 0.296871696875 0.416657575 0.3045936453125 0.688487278125 0.2614815546875
0 0.67118865625 0.22451928125 0.6695374125 0.22038852812499998 0.4465101140625 0.2526129125 0.44311046093749995 0.2584948359375 0.67118865625 0.22451928125
0 0.6584532296875001 0.199628853125 0.6561841375 0.1946693796875 0.465234378125 0.2200574828125 0.4625278 0.22494405468749998 0.6584532296875001 0.199628853125
0 0.6474096640625 0.177719825 0.6458635609375001 0.1745378921875 0.47936795 0.19500485625 0.4777301734375 0.19873698125 0.6474096640625 0.177719825
0 0.6387579609375 0.160724625 0.637224853125 0.157834959375 0.48920072968749995 0.1757242484375 0.48748691875 0.17933693906249998 0.6387579609375 0.160724625
0 0.63158155 0.148084153125 0.630116803125 0.14567506562500002 0.4982191203125 0.1590324234375 0.49697838125000005 0.162070128125 0.63158155 0.148084153125